title:lightgg custom roll
description:from lightgg (Random)
dimwishlist:item=1447836603&perks=839105230,3142289711,4071163871,2173046394
dimwishlist:item=2832639510&perks=839105230,1885400500,1820235745,4293542123
dimwishlist:item=2779821308&perks=839105230,3142289711,3619207468,3038247973
dimwishlist:item=3583275737&perks=839105230,3142289711,3418782618,95528736
dimwishlist:item=4233375372&perks=839105230,3142289711,3400784728,95528736
dimwishlist:item=1719687748&perks=1478423395,2985827016,1523832109,3977735242
dimwishlist:item=2558925366&perks=839105230,689005463,3828510309,2594592626
dimwishlist:item=2728851518&perks=839105230,689005463,1645158859,2213355989,4264904777
dimwishlist:item=4220529694&perks=839105230,3142289711,3418782618,365154968,4264904777
dimwishlist:item=4220529694&perks=839105230,3142289711,1820235745,4293542123,4264904777
dimwishlist:item=1501688142&perks=839105230,689005463,1523832109,555281244
dimwishlist:item=3381450498&perks=1478423395,106909392,2859149211,2173046394
dimwishlist:item=3668817296&perks=436053704,52780822,3523296417,2396489472
dimwishlist:item=3710082365&perks=3768438372,2154191829,951095735,3365897133
dimwishlist:item=2779821308&perks=839105230,3142289711,247725512,2048641572
dimwishlist:item=4153087276&perks=839105230,2680121939,3523296417,557221067
dimwishlist:item=2323544076&perks=4090651448,2969185026,1556840489,776531651
dimwishlist:item=267089201&perks=4090651448,3142289711,1354429876,1546637391,1281216113
dimwishlist:item=2187717691&perks=839105230,1885400500,2779035018,831391274
dimwishlist:item=2914913838&perks=839105230,689005463,3643424744,2594592626,1281216113
dimwishlist:item=2850664015&perks=4090651448,3142289711,247725512,4293542123
dimwishlist:item=821154603&perks=839105230,3142289711,2387244414,3425386926
dimwishlist:item=839344841&perks=3768438372,2154191829,3365897133,831391274
dimwishlist:item=192784503&perks=2801223209,16392701,201365942,4293542123,1281216113
dimwishlist:item=1720503118&perks=839105230,689005463,968510818,4293542123
dimwishlist:item=1289796511&perks=839105230,689005463,671806388,2173046394
dimwishlist:item=105306149&perks=839105230,2420895100,1748774930,2939589096
dimwishlist:item=2026755633&perks=839105230,1885400500,1820235745,95528736
dimwishlist:item=1679868061&perks=1482024992,791862061,1556840489,2679249093
dimwishlist:item=92459755&perks=839105230,791862061,1523832109,3751912585
dimwishlist:item=3347946548&perks=839105230,689005463,968510818,2594592626
dimwishlist:item=2922749929&perks=1478423395,2985827016,951095735,3194351027
dimwishlist:item=105306149&perks=839105230,2420895100,2387244414,365154968
